# lambda_mst lambda_mst_sigma alpha_lambda a_ani a_ani_sigma H0 ombh2 omch2 w wa A_planck calib_100T calib_217T A_cib_217 xi_sz_cib A_sz ksz_norm gal545_A_100 gal545_A_143 gal545_A_143_217 gal545_A_217 ps_A_100_100 ps_A_143_143 ps_A_143_217 ps_A_217_217 galf_TE_A_100 galf_TE_A_100_143 galf_TE_A_100_217 galf_TE_A_143 galf_TE_A_143_217 galf_TE_A_217
7.334378642254171191e-04 8.014501335231626793e-05 -1.336829044515848734e-04 2.865434354155262445e-03 1.578985028704756597e-04 2.690010866510030019e-03 -6.051404616747834860e-08 9.918791235262373306e-08 2.497007463151418999e-04 -1.337715957592930903e-03 -1.879707372600750691e-07 1.575824034378521561e-07 -4.769162822605415618e-08 -5.056271420922879220e-03 -7.956494697169620744e-05 2.107626260755455995e-04 1.072505335028968128e-04 -6.930315553147504372e-06 2.343789644518293376e-04 1.962364513688393333e-03 6.482274785711638655e-03 2.147672480969416847e-03 -2.656068187477962986e-03 -2.616967989182955590e-03 4.350377606805841575e-03 1.219224192996134669e-06 4.849335022730631648e-06 4.588790925727330439e-05 5.280125647680998428e-06 1.771684042672274297e-05 5.244294734173059842e-05
8.014501335231626793e-05 9.000959747866659443e-04 -1.050053567548525358e-04 -1.423553542240278648e-03 -3.629429065881371527e-03 4.810899481968276695e-04 2.402764447905302873e-07 -2.557277079117919724e-07 9.053509767123509955e-05 -3.431570367686621382e-04 -1.177251477040996389e-06 6.500207160160016433e-09 1.950843778133191759e-07 1.602296256524510200e-03 -5.731125062402792677e-05 2.105069460054579224e-05 -1.010288916457145227e-03 8.392955660788502581e-06 6.868066182322404498e-05 -1.067465905335617535e-03 -2.292696473009531166e-03 5.332675172405100007e-03 -3.620317089294626772e-04 1.733533491637373708e-04 -8.190102678746449989e-04 2.296987976281697868e-05 -9.419192837969636434e-06 -1.784473694594631123e-05 -1.165805710522659991e-05 2.024896932880197855e-05 1.801457789596442688e-05
-1.336829044515848734e-04 -1.050053567548525358e-04 5.848133821318125206e-04 2.683206821464596478e-03 2.001131552450403743e-04 1.734739050953542500e-03 1.700516647752818700e-08 -4.411087131048642677e-07 -1.338975373020474813e-04 3.028416005134725356e-04 1.485513942225432073e-07 1.731840850398701202e-07 2.884320697339546812e-08 -2.128285545119975360e-03 1.551323310747788843e-04 -2.522505824420610582e-05 4.339247702138867842e-04 -3.337815594084812972e-04 -6.145884792952269931e-04 6.633079333962648176e-04 2.123877364752061597e-03 6.218053108693988133e-03 3.194680916870922590e-03 2.763947959662949472e-03 2.556561495817352616e-03 2.211689096621708396e-06 -2.120737864110754221e-06 2.579930865885785327e-05 -4.680401786261476241e-07 3.448552786860741270e-05 1.320466564490089775e-04
2.865434354155262445e-03 -1.423553542240278648e-03 2.683206821464596045e-03 9.309414617957703642e-02 1.795629998090136209e-02 2.087120104469368520e-02 -3.181807709967066286e-07 -6.628189669706461079e-06 1.850467998221804432e-03 -9.810796674817982843e-03 6.386707979279024955e-06 1.733982159590882736e-07 6.093415754097480305e-07 -5.535063685906366909e-02 4.828213634579829258e-04 6.896615169495617665e-04 4.230047226348840513e-03 -4.644064436018598661e-03 -4.637219158050865514e-03 1.518318479773110921e-02 5.707372477026738389e-02 5.022858923368359735e-02 1.637899418682501468e-02 1.167324142422196571e-02 5.853540066070094666e-02 1.799714903649733330e-05 -5.693806418000446010e-05 2.156616898680712726e-04 -2.870044908477860398e-05 1.169846496427433036e-04 1.577532086968225569e-03
1.578985028704756597e-04 -3.629429065881371527e-03 2.001131552450403743e-04 1.795629998090136209e-02 8.297449026992960441e-02 -1.204512532157030191e-02 -2.078801698237649835e-06 -6.675906647866822153e-06 -1.473124862160842636e-03 7.310700279421168332e-03 1.993692819495235309e-05 -1.375539856998413195e-07 -1.507543910836795291e-06 -1.976628615948598441e-02 -2.199498953721567995e-05 -3.770780083621676042e-03 6.276456934229112175e-03 -5.981095840553942063e-04 3.825175572237938561e-03 1.016295043975357602e-02 3.071979499772484537e-02 1.604795391059668785e-01 4.182158283032862828e-02 2.738259947555196291e-02 4.073899279791919764e-02 -1.520043985625056616e-04 1.186300496975040814e-04 -2.704482140453594226e-05 2.767924782929139980e-04 2.154928748593947429e-04 7.663532005815793403e-04
2.690010866510030019e-03 4.810899481968276695e-04 1.734739050953542500e-03 2.087120104469368520e-02 -1.204512532157030191e-02 6.905563459458116116e-01 4.964268234229022272e-06 -1.013286003862362980e-05 -2.582998370069035377e-02 9.930001625849062610e-03 -2.604750134843870576e-05 -4.291110171876735038e-06 3.336848098501779096e-06 -1.142810678292575099e-01 3.144957898658685969e-04 2.122706118587586177e-02 -1.078194558136193887e-02 -8.048804708810789257e-04 -2.899358275486324608e-03 5.247283354430370972e-02 1.355419172821579477e-01 -1.419201662155973875e-01 -7.040510345758448606e-03 3.177109040492336056e-02 1.379037376666842618e-01 1.804982824331466320e-04 3.821244596567291451e-04 1.151990429703505505e-03 -5.453477992646655823e-04 -9.921327025346932962e-05 -1.613450062333001605e-03
-6.051404616747834860e-08 2.402764447905302873e-07 1.700516647752818700e-08 -3.181807709967066286e-07 -2.078801698237649835e-06 4.964268234229022272e-06 1.416191398828360079e-08 -3.118497572676430704e-08 -7.864701106382459989e-07 5.709832003951689052e-06 -4.641288163604082383e-08 2.276994103029907655e-09 5.756768798354250547e-10 -1.941970187785073925e-05 1.776244400323131530e-07 6.966144039850600095e-06 -3.700387839445715731e-06 -2.922541233659783969e-06 -3.654185350941051169e-06 -8.799937154996307373e-06 -1.481857014368995460e-05 -1.235567952047671950e-04 -1.081603566984552588e-04 -6.166303135066129328e-05 -4.974646586993138498e-05 -4.080267439387317934e-08 -1.034805322406890260e-07 -1.649543751484524962e-07 -2.035147277584693216e-07 -4.844969464612681133e-07 -1.695133025121207160e-06
9.918791235262373306e-08 -2.557277079117919724e-07 -4.411087131048642677e-07 -6.628189669706461079e-06 -6.675906647866822153e-06 -1.013286003862362980e-05 -3.118497572676430704e-08 6.010865957817829563e-07 5.781527615447452302e-06 -5.467247183922037895e-05 -3.389775265525841322e-07 -1.275301988919384301e-08 -7.856489844013572293e-09 -5.259469797361474713e-04 1.171417511710174460e-05 -1.344781874237702520e-05 -6.721239122472419955e-05 6.826749205906242968e-05 -5.088506720389600395e-05 -9.312566207108518472e-05 6.934749802599987373e-05 -1.930519828835681843e-03 -4.395423076561914984e-04 4.730016702949525385e-05 4.075232907015378415e-04 1.642372652129781217e-08 1.899853404328994077e-07 1.233522461924955297e-06 4.007634000877123745e-07 1.902433078929496175e-06 3.286929445055859928e-06
2.497007463151418999e-04 9.053509767123509955e-05 -1.338975373020474813e-04 1.850467998221804432e-03 -1.473124862160842636e-03 -2.582998370069035377e-02 -7.864701106382459989e-07 5.781527615447452302e-06 6.592957164783757804e-03 -2.234890276603237330e-02 -5.409254441229490279e-06 7.404802353601248747e-07 -2.506279817789271009e-07 -1.129446436027487215e-03 -2.707767366054412858e-05 -5.737220208483280893e-04 2.934279447572921140e-04 1.467840224295077073e-03 2.148893357850072572e-04 -2.334742697779639329e-05 -7.932061300706044283e-04 -1.588165617613424355e-02 -7.498405213456096202e-03 -8.389682199494508455e-03 -6.721715782452303972e-03 -4.663424365779342604e-05 -4.392237354668726578e-05 -1.131579724510256912e-05 6.841711099655862984e-05 5.370573649774389689e-05 1.967822692998925536e-04
-1.337715957592930903e-03 -3.431570367686621382e-04 3.028416005134724814e-04 -9.810796674817982843e-03 7.310700279421168332e-03 9.930001625849062610e-03 5.709832003951689052e-06 -5.467247183922037895e-05 -2.234890276603237330e-02 8.832246480845033776e-02 3.364118039509730971e-05 -1.409164083979895400e-06 1.147676971940452675e-06 4.865188886851145450e-02 -5.593433188984549666e-04 6.563043011966007787e-04 3.684669188303815474e-03 -9.341212552406370426e-03 1.766207570629981741e-03 -3.806269009598339630e-03 -2.435999624715166553e-02 1.744111320360624551e-01 4.499779448078564809e-02 1.984621079521665249e-02 -2.199718894646588221e-02 1.480045028486814507e-04 9.788909939622575807e-05 -1.898454731774748322e-04 -2.331160799305979567e-04 -3.331828755967936474e-04 -9.453060869952225817e-04
-1.879707372600750691e-07 -1.177251477040996389e-06 1.485513942225432073e-07 6.386707979279024955e-06 1.993692819495235309e-05 -2.604750134843870576e-05 -4.641288163604082383e-08 -3.389775265525841322e-07 -5.409254441229490279e-06 3.364118039509730971e-05 1.037161462648523749e-06 -4.445003356766815198e-08 9.834408001768283788e-09 1.455315295730353828e-03 -3.302642622480210093e-05 1.336052645928597672e-04 2.239589233715393989e-04 6.930873504192533745e-05 3.502873907524449567e-04 4.894342773541076339e-04 2.044145896128881203e-04 4.239665779660404914e-03 1.041616844644719818e-03 -8.667912128541167404e-05 -1.245824804731259254e-03 2.638824487103729069e-07 3.473362346348744701e-07 1.643550377599406426e-07 5.198090453953924095e-07 8.839462980951677932e-07 6.898173301971232440e-06
1.575824034378521561e-07 6.500207160160016433e-09 1.731840850398701202e-07 1.733982159590881677e-07 -1.375539856998413195e-07 -4.291110171876735038e-06 2.276994103029907655e-09 -1.275301988919384301e-08 7.404802353601248747e-07 -1.409164083979895400e-06 -4.445003356766815198e-08 3.805303198922576502e-07 -1.318434102932090191e-09 -2.302250572300840875e-04 2.324005529598949012e-06 1.021203821515899186e-04 -3.502292410475977999e-05 1.776783648331530701e-04 -1.790728323116490002e-04 -3.087258157604930061e-05 8.641153669868170911e-05 3.169998167779889634e-03 -6.287635515301031198e-05 2.418997460230390352e-04 3.751363830374537323e-04 2.478755890784653804e-07 2.222385461972619593e-07 1.650400572081954003e-07 3.516232062272937782e-07 -4.451074600597319075e-07 -8.778728935248385790e-07
-4.769162822605415618e-08 1.950843778133191759e-07 2.884320697339545488e-08 6.093415754097480305e-07 -1.507543910836795291e-06 3.336848098501779096e-06 5.756768798354250547e-10 -7.856489844013572293e-09 -2.506279817789271009e-07 1.147676971940452675e-06 9.834408001768283788e-09 -1.318434102932090191e-09 3.935191708876366357e-07 6.239590007082453050e-04 -1.015562364367052750e-07 -3.070414679398618299e-05 -1.163972219918139155e-05 -1.813622467799355116e-06 -4.194244428617751528e-05 3.701602844525879693e-04 8.766764873855361793e-04 3.568455596004159219e-04 7.983164562752469737e-05 -3.127813975903854593e-04 -1.165348619868159484e-03 -7.092657308083040530e-08 -1.246790134227841029e-07 -1.693786139573208423e-07 -6.491779013193908486e-08 4.159967871993536619e-07 3.181143467180449086e-06
-5.056271420922879220e-03 1.602296256524510200e-03 -2.128285545119974927e-03 -5.535063685906366909e-02 -1.976628615948598441e-02 -1.142810678292575099e-01 -1.941970187785073925e-05 -5.259469797361474713e-04 -1.129446436027487215e-03 4.865188886851145450e-02 1.455315295730353828e-03 -2.302250572300840875e-04 6.239590007082453050e-04 3.788756043572153231e+01 -2.883589801918092776e-01 -3.681907611619362752e-01 -5.799758435193127504e-01 2.436959438252170873e-01 2.181807314001860398e-01 -5.722418231765926677e+00 -2.954971561245350387e+01 2.248645535335743517e+01 -1.512340997924086050e+00 -1.222393628586008241e+01 -4.651303036911424016e+01 5.421115491188606937e-04 1.824025002230504578e-03 -1.702056517078733532e-03 3.396304354483513019e-03 -7.382470582817670345e-03 8.616059554425808346e-04
-7.956494697169620744e-05 -5.731125062402792677e-05 1.551323310747788843e-04 4.828213634579829258e-04 -2.199498953721562574e-05 3.144957898658685969e-04 1.776244400323131530e-07 1.171417511710174460e-05 -2.707767366054412858e-05 -5.593433188984552919e-04 -3.302642622480210093e-05 2.324005529598949012e-06 -1.015562364367052750e-07 -2.883589801918092776e-01 5.562158763810910039e-02 -9.212074476086254404e-02 4.171006235391743616e-02 -2.330521025888117499e-03 1.294151172032850967e-02 5.936292096309719185e-02 1.078440740269137471e-01 2.327172612586211331e-01 7.762218512213634458e-01 1.086097289210013583e+00 4.478765318085617397e-01 3.349038565544425156e-05 -9.733869218515540705e-05 -3.751507101520272692e-05 -3.388334030834051547e-05 7.117252827103786466e-05 1.110637107457217426e-03
2.107626260755455995e-04 2.105069460054579224e-05 -2.522505824420610582e-05 6.896615169495617665e-04 -3.770780083621676909e-03 2.122706118587586177e-02 6.966144039850600095e-06 -1.344781874237702520e-05 -5.737220208483283061e-04 6.563043011966004535e-04 1.336052645928597672e-04 1.021203821515899186e-04 -3.070414679398618299e-05 -3.681907611619362752e-01 -9.212074476086254404e-02 3.383254909134524979e+00 -1.137209060565500751e+00 -2.033151042632878880e-01 1.062016236053495710e-01 2.139680156773817288e+00 2.802745465775993594e+00 -2.732481847618472415e+01 -6.508051432628058741e+00 1.908074726388031106e+00 1.814982330922479514e+00 -4.027887927789880799e-04 -1.342003144743921742e-04 -5.179034376217175146e-04 -5.858074902819043056e-04 1.367838915686514370e-03 -1.573785950592203548e-03
1.072505335028968128e-04 -1.010288916457145227e-03 4.339247702138867842e-04 4.230047226348840513e-03 6.276456934229112175e-03 -1.078194558136193887e-02 -3.700387839445715731e-06 -6.721239122472419955e-05 2.934279447572921140e-04 3.684669188303814173e-03 2.239589233715393989e-04 -3.502292410475977999e-05 -1.163972219918139155e-05 -5.799758435193127504e-01 4.171006235391743616e-02 -1.137209060565500751e+00 2.180739889887668870e+00 4.915188477934970962e-02 -1.179552669732405745e-01 -9.021353698563745471e-01 -8.615882482103031093e-01 4.567743680201148848e+00 -1.539851888582808526e+00 -3.517915411737431608e+00 -2.792555373672471752e+00 -6.370894662637566338e-04 1.020157737187698984e-04 7.289689411790928634e-04 -3.903205374900184659e-05 -6.729500534527055452e-04 -3.214710867445936442e-04
-6.930315553147504372e-06 8.392955660788502581e-06 -3.337815594084812430e-04 -4.644064436018598661e-03 -5.981095840553948568e-04 -8.048804708810789257e-04 -2.922541233659783969e-06 6.826749205906242968e-05 1.467840224295077073e-03 -9.341212552406368691e-03 6.930873504192533745e-05 1.776783648331530701e-04 -1.813622467799355116e-06 2.436959438252170873e-01 -2.330521025888117499e-03 -2.033151042632878880e-01 4.915188477934970962e-02 3.202196458690760306e+00 6.167329064082163192e-01 2.483402315574246566e-01 1.653335530284794630e-01 -5.622337568863771118e+00 -9.018917641315028766e-02 -4.713866652270619628e-01 -4.680134512419344972e-01 8.357419718096895035e-05 -3.632649852468981556e-05 -2.885897722226267296e-04 -9.364707383986806436e-04 -6.531742168338522695e-04 -1.559540812585244636e-03
2.343789644518293376e-04 6.868066182322404498e-05 -6.145884792952269931e-04 -4.637219158050865514e-03 3.825175572237938561e-03 -2.899358275486324608e-03 -3.654185350941051169e-06 -5.088506720389600395e-05 2.148893357850072572e-04 1.766207570629981741e-03 3.502873907524449567e-04 -1.790728323116490002e-04 -4.194244428617751528e-05 2.181807314001860398e-01 1.294151172032850967e-02 1.062016236053495710e-01 -1.179552669732405745e-01 6.167329064082163192e-01 3.042275177275442832e+00 2.607427752719461811e+00 2.856663565545153105e+00 5.457172568030878246e+00 -1.634438488440471682e+00 -9.446079694030149465e-01 -9.332084872523439545e-01 9.940628124198250552e-05 -4.964096639334768376e-04 -4.211947063949576710e-05 -6.502954439029419182e-04 2.365466206124997375e-03 2.282156691672620683e-03
1.962364513688393333e-03 -1.067465905335617535e-03 6.633079333962648176e-04 1.518318479773110921e-02 1.016295043975357602e-02 5.247283354430370972e-02 -8.799937154996307373e-06 -9.312566207108518472e-05 -2.334742697779639329e-05 -3.806269009598339630e-03 4.894342773541076339e-04 -3.087258157604930061e-05 3.701602844525879693e-04 -5.722418231765926677e+00 5.936292096309719185e-02 2.139680156773817288e+00 -9.021353698563745471e-01 2.483402315574246566e-01 2.607427752719461811e+00 9.452081514237017146e+00 1.750267648883713534e+01 -1.060492240998812008e+01 -2.628177666489970449e-02 6.652702620582839899e-01 3.605734716707166498e+00 -7.203316903553900401e-05 -2.669491872487270981e-04 -2.287163824361419882e-03 -3.193338471796615331e-04 2.931285259239154069e-03 1.166192249910603419e-02
6.482274785711638655e-03 -2.292696473009531166e-03 2.123877364752061597e-03 5.707372477026738389e-02 3.071979499772484537e-02 1.355419172821579477e-01 -1.481857014368995460e-05 6.934749802599987373e-05 -7.932061300706044283e-04 -2.435999624715166553e-02 2.044145896128881203e-04 8.641153669868170911e-05 8.766764873855361793e-04 -2.954971561245350387e+01 1.078440740269137471e-01 2.802745465775993594e+00 -8.615882482103031093e-01 1.653335530284794630e-01 2.856663565545153105e+00 1.750267648883713534e+01 4.799704313259924504e+01 -1.957356290753978811e+01 1.875765134971108639e+00 5.264635401046680485e+00 2.745700788714063023e+01 6.883945834224985136e-05 -1.165782346144857541e-03 -3.088641705673831912e-03 -2.441375439234135577e-03 6.983478305451474438e-03 2.008163326099319385e-02
2.147672480969416847e-03 5.332675172405100007e-03 6.218053108693988133e-03 5.022858923368359735e-02 1.604795391059668508e-01 -1.419201662155973875e-01 -1.235567952047671950e-04 -1.930519828835681843e-03 -1.588165617613424355e-02 1.744111320360624551e-01 4.239665779660404914e-03 3.169998167779889634e-03 3.568455596004159219e-04 2.248645535335743517e+01 2.327172612586211331e-01 -2.732481847618472415e+01 4.567743680201148848e+00 -5.622337568863771118e+00 5.457172568030878246e+00 -1.060492240998812008e+01 -1.957356290753978811e+01 6.627725023978423451e+02 7.825013798270104814e+01 -1.395679755313802239e+01 -2.950028035054797471e+01 9.259836702317308932e-03 7.073887411219210650e-03 2.116576665142164138e-02 2.708710597243096235e-02 -6.055786119602929625e-03 1.749622675453475426e-02
-2.656068187477962986e-03 -3.620317089294626772e-04 3.194680916870922590e-03 1.637899418682501468e-02 4.182158283032862828e-02 -7.040510345758448606e-03 -1.081603566984552588e-04 -4.395423076561914984e-04 -7.498405213456096202e-03 4.499779448078564809e-02 1.041616844644719818e-03 -6.287635515301031198e-05 7.983164562752469737e-05 -1.512340997924086050e+00 7.762218512213634458e-01 -6.508051432628058741e+00 -1.539851888582808526e+00 -9.018917641315028766e-02 -1.634438488440471682e+00 -2.628177666489970449e-02 1.875765134971108639e+00 7.825013798270104814e+01 5.093382072071415223e+01 2.485147850809855541e+01 1.053177945653469294e+01 3.161390901537467109e-03 1.113167291154875894e-05 -1.334599916290274023e-03 3.547920140332644790e-03 -3.864963417120046200e-04 4.045475925267260492e-02
-2.616967989182955590e-03 1.733533491637373708e-04 2.763947959662949472e-03 1.167324142422196571e-02 2.738259947555196291e-02 3.177109040492336056e-02 -6.166303135066129328e-05 4.730016702949525385e-05 -8.389682199494508455e-03 1.984621079521665249e-02 -8.667912128541167404e-05 2.418997460230390352e-04 -3.127813975903854593e-04 -1.222393628586008241e+01 1.086097289210013583e+00 1.908074726388031106e+00 -3.517915411737431608e+00 -4.713866652270619628e-01 -9.446079694030149465e-01 6.652702620582839899e-01 5.264635401046680485e+00 -1.395679755313802239e+01 2.485147850809855541e+01 4.600720105934683346e+01 3.353254453798891177e+01 1.517179042769567629e-03 -2.916766885123567212e-03 -1.836291112120927438e-03 -1.340047862311954507e-03 7.541919618494867528e-03 3.771439696108536133e-02
4.350377606805841575e-03 -8.190102678746449989e-04 2.556561495817352616e-03 5.853540066070094666e-02 4.073899279791919764e-02 1.379037376666842618e-01 -4.974646586993138498e-05 4.075232907015378415e-04 -6.721715782452303972e-03 -2.199718894646588915e-02 -1.245824804731259254e-03 3.751363830374537323e-04 -1.165348619868159484e-03 -4.651303036911424016e+01 4.478765318085617397e-01 1.814982330922479514e+00 -2.792555373672471752e+00 -4.680134512419344972e-01 -9.332084872523439545e-01 3.605734716707166498e+00 2.745700788714063023e+01 -2.950028035054797471e+01 1.053177945653469294e+01 3.353254453798891177e+01 7.879775623494100500e+01 6.097074285133617525e-04 -1.738339826432528951e-03 4.460273923343108411e-03 -1.800989695434393034e-03 1.537278458800566891e-02 1.472533026730676528e-02
1.219224192996135939e-06 2.296987976281697868e-05 2.211689096621707549e-06 1.799714903649733330e-05 -1.520043985625056887e-04 1.804982824331466320e-04 -4.080267439387317934e-08 1.642372652129781217e-08 -4.663424365779342604e-05 1.480045028486814778e-04 2.638824487103729069e-07 2.478755890784653804e-07 -7.092657308083040530e-08 5.421115491188609106e-04 3.349038565544425156e-05 -4.027887927789880799e-04 -6.370894662637566338e-04 8.357419718096889614e-05 9.940628124198255973e-05 -7.203316903553900401e-05 6.883945834224985136e-05 9.259836702317308932e-03 3.161390901537467109e-03 1.517179042769567629e-03 6.097074285133617525e-04 1.444643813173366979e-03 2.832198977397191791e-04 7.471957861791731989e-05 -3.955580343152062311e-04 -1.388567195878061169e-04 -1.448649934243008300e-04
4.849335022730631648e-06 -9.419192837969636434e-06 -2.120737864110754221e-06 -5.693806418000446010e-05 1.186300496975040814e-04 3.821244596567291451e-04 -1.034805322406890260e-07 1.899853404328994342e-07 -4.392237354668726578e-05 9.788909939622575807e-05 3.473362346348744701e-07 2.222385461972619593e-07 -1.246790134227841029e-07 1.824025002230504578e-03 -9.733869218515540705e-05 -1.342003144743922013e-04 1.020157737187698984e-04 -3.632649852468981556e-05 -4.964096639334768376e-04 -2.669491872487270981e-04 -1.165782346144857541e-03 7.073887411219210650e-03 1.113167291154875894e-05 -2.916766885123567212e-03 -1.738339826432528951e-03 2.832198977397191791e-04 8.516477093246101974e-04 4.838902110154556010e-05 7.487568097426583946e-04 5.027214754187299509e-05 -7.288254116032819507e-04
4.588790925727330439e-05 -1.784473694594631123e-05 2.579930865885785327e-05 2.156616898680712726e-04 -2.704482140453594226e-05 1.151990429703505289e-03 -1.649543751484524962e-07 1.233522461924955297e-06 -1.131579724510256912e-05 -1.898454731774748322e-04 1.643550377599406426e-07 1.650400572081954003e-07 -1.693786139573208423e-07 -1.702056517078733532e-03 -3.751507101520272692e-05 -5.179034376217175146e-04 7.289689411790928634e-04 -2.885897722226267296e-04 -4.211947063949576710e-05 -2.287163824361419882e-03 -3.088641705673831912e-03 2.116576665142164138e-02 -1.334599916290274023e-03 -1.836291112120927004e-03 4.460273923343108411e-03 7.471957861791731989e-05 4.838902110154556010e-05 7.041331960248297175e-03 -2.619688609584350887e-04 7.803658590248895108e-04 4.702855654280959849e-03
5.280125647680998428e-06 -1.165805710522659991e-05 -4.680401786261476241e-07 -2.870044908477860398e-05 2.767924782929139980e-04 -5.453477992646655823e-04 -2.035147277584693216e-07 4.007634000877123745e-07 6.841711099655862984e-05 -2.331160799305979838e-04 5.198090453953924095e-07 3.516232062272937782e-07 -6.491779013193908486e-08 3.396304354483513019e-03 -3.388334030834051547e-05 -5.858074902819043056e-04 -3.903205374900184659e-05 -9.364707383986806436e-04 -6.502954439029419182e-04 -3.193338471796616416e-04 -2.441375439234135577e-03 2.708710597243096235e-02 3.547920140332644356e-03 -1.340047862311954507e-03 -1.800989695434393034e-03 -3.955580343152062311e-04 7.487568097426583946e-04 -2.619688609584350887e-04 2.755939341381958944e-03 5.270875651678638739e-04 -9.885781876670333285e-04
1.771684042672274297e-05 2.024896932880197855e-05 3.448552786860741270e-05 1.169846496427433036e-04 2.154928748593947429e-04 -9.921327025346932962e-05 -4.844969464612681133e-07 1.902433078929496175e-06 5.370573649774389689e-05 -3.331828755967936474e-04 8.839462980951677932e-07 -4.451074600597319075e-07 4.159967871993536619e-07 -7.382470582817670345e-03 7.117252827103791887e-05 1.367838915686514370e-03 -6.729500534527055452e-04 -6.531742168338522695e-04 2.365466206124997375e-03 2.931285259239154069e-03 6.983478305451474438e-03 -6.055786119602929625e-03 -3.864963417120048368e-04 7.541919618494867528e-03 1.537278458800566891e-02 -1.388567195878061169e-04 5.027214754187299509e-05 7.803658590248895108e-04 5.270875651678638739e-04 6.272285468408063912e-03 7.869898403552290714e-03
5.244294734173059842e-05 1.801457789596442688e-05 1.320466564490089775e-04 1.577532086968225569e-03 7.663532005815793403e-04 -1.613450062333001605e-03 -1.695133025121207160e-06 3.286929445055859928e-06 1.967822692998925536e-04 -9.453060869952223649e-04 6.898173301971232440e-06 -8.778728935248385790e-07 3.181143467180449086e-06 8.616059554425808346e-04 1.110637107457217426e-03 -1.573785950592203548e-03 -3.214710867445936442e-04 -1.559540812585244636e-03 2.282156691672620683e-03 1.166192249910603419e-02 2.008163326099319385e-02 1.749622675453475426e-02 4.045475925267260492e-02 3.771439696108536133e-02 1.472533026730676528e-02 -1.448649934243008300e-04 -7.288254116032819507e-04 4.702855654280959849e-03 -9.885781876670333285e-04 7.869898403552290714e-03 6.544385264148680492e-02
