# lambda_mst lambda_mst_sigma alpha_lambda a_ani a_ani_sigma H0 ombh2 omch2 w A_planck calib_100T calib_217T A_cib_217 xi_sz_cib A_sz ksz_norm gal545_A_100 gal545_A_143 gal545_A_143_217 gal545_A_217 ps_A_100_100 ps_A_143_143 ps_A_143_217 ps_A_217_217 galf_TE_A_100 galf_TE_A_100_143 galf_TE_A_100_217 galf_TE_A_143 galf_TE_A_143_217 galf_TE_A_217
6.714096782639627711e-04 7.896853689563978357e-05 -1.299789923421741395e-04 2.524210093274851206e-03 -2.783238290744932740e-04 3.795841880733670775e-03 -5.993790746634580513e-08 -2.193900964031460313e-07 -1.245511715641049169e-04 6.052344582001482727e-07 3.353426208408401291e-08 7.916764217684914663e-08 1.559309607916737825e-03 -1.024806910965431195e-04 -6.725907583932577358e-04 2.335327662764635054e-04 5.368202056023502764e-04 -3.589609781311273824e-04 -1.215034418734861166e-04 -5.238784911190593483e-04 7.965605649251588857e-03 3.411282260310070230e-03 -1.695562735227761986e-03 -2.581868272544821964e-03 -2.644814658612340115e-06 -1.130365816945993049e-05 6.138577445824135321e-06 -2.709748682391735481e-05 5.200074297328554577e-06 1.584388400852942063e-05
7.896853689563978357e-05 8.261752253467645338e-04 -1.023227330525749240e-05 -1.197608735964207074e-03 -2.913960254258030156e-03 7.396030685761473917e-04 -1.533832942724031212e-07 -5.013808621725347984e-07 -2.448114160443804632e-05 1.184886984773557163e-06 -1.269160531066258078e-07 1.182001680971982221e-07 -2.256070300600708978e-04 8.686186616417901677e-05 -1.010904610067388286e-03 9.183977128475208623e-04 1.333739044221103360e-04 1.916905995881397744e-04 -1.264835171571396171e-05 4.197742867107328831e-04 7.434864801849271239e-03 4.030747985662875427e-03 6.511700105953664502e-04 -5.761992602547395294e-04 1.071016713363072917e-05 -8.471262515859770813e-06 -8.849409980753850558e-06 -6.362613680086276596e-06 4.632898268578110367e-05 6.478460946756705327e-05
-1.299789923421741395e-04 -1.023227330525749240e-05 6.727810843631126412e-04 3.271525670357080563e-03 6.106437642070106217e-04 6.634160463010514317e-04 8.430621894575311260e-08 -7.744598305502706726e-08 -1.679656953526561806e-05 -1.063338633621484705e-07 1.620888406183741450e-07 1.465588867231592416e-07 1.477577180314689495e-03 -2.216652870107874029e-05 4.344431063266373421e-04 2.477693558802576148e-04 5.659491374802339556e-04 2.450134499504188633e-04 2.279811453363575708e-04 -4.581363843006980817e-04 2.301722259063350168e-03 -1.895567213041451579e-03 -2.435038324719529957e-03 -2.885416842449298712e-03 1.447912167583153305e-05 9.798261372942662880e-06 -2.688710795632505069e-05 1.998151962169701998e-05 -2.232307526176827638e-06 2.941891504046990086e-05
2.524210093274851206e-03 -1.197608735964207074e-03 3.271525670357080563e-03 1.072907947889774199e-01 2.179957644256983948e-02 2.609908615827055689e-02 1.720240820645505082e-06 3.075306582125539563e-06 -8.477845424630770345e-04 -8.696078982486720211e-06 3.156094837938918191e-06 1.396767581637345858e-06 1.670900320815237386e-02 1.412999971717775270e-04 1.695753995626876880e-03 -6.266411765198554203e-04 1.015205328507291782e-02 3.084821656217026208e-03 8.320845293541901180e-03 -3.300947156913107763e-03 1.298091800280287179e-02 -1.579073934018225545e-02 -2.547849438876082298e-02 -4.389950787854934172e-02 1.414222771759640271e-04 8.476565075847524312e-05 -1.971515594519741236e-04 9.343407398863173635e-05 -1.108319490802841265e-04 -1.466555789999688850e-04
-2.783238290744932740e-04 -2.913960254258030156e-03 6.106437642070106217e-04 2.179957644256983948e-02 8.216181250923176860e-02 -1.611688535713431741e-03 2.767496590166536939e-07 7.004692295741729532e-06 -2.228048926047675415e-05 -3.389303566125195612e-06 2.201573433234149869e-06 -9.585148144831174878e-07 1.008529916076645640e-02 -3.469307460925543426e-04 -1.893272295743172020e-03 3.127940034201251700e-03 3.770185844379063313e-03 6.353775593310820487e-03 1.063577760906891543e-03 -1.102585628328824584e-02 1.268109441972592732e-01 -2.035218382357850339e-02 -3.444681720148648485e-02 -1.692475671139292287e-02 9.045281883701734673e-06 1.683355291065108091e-05 -3.140733729472718197e-05 2.238268866544086341e-04 -8.402111595927501983e-05 -3.652366735157219920e-04
3.795841880733670775e-03 7.396030685761473917e-04 6.634160463010514317e-04 2.609908615827055689e-02 -1.611688535713431741e-03 6.651459568601049144e-01 6.627898744476762018e-06 1.918827013423136623e-05 -2.214807270517952717e-02 -7.657833342120734857e-05 -2.240007584039444765e-06 -3.612106410053182939e-06 -4.825750948309486671e-03 -1.247518144536566721e-03 1.479692785659996249e-02 -2.034989482254622242e-02 -1.494399242647601912e-02 1.793788945658136369e-03 1.404300043937729489e-02 2.389813885297849532e-03 -7.793372163821497833e-02 -8.509389356624524892e-02 -6.001777666178882698e-02 -9.375343850411306523e-02 1.410225862229437022e-04 -3.807736746521602498e-04 2.826044237144798910e-04 -2.858700209321146288e-04 -2.662094020935050834e-04 1.376080599889465371e-03
-5.993790746634580513e-08 -1.533832942724031212e-07 8.430621894575311260e-08 1.720240820645505082e-06 2.767496590166536939e-07 6.627898744476762018e-06 1.463050864761568679e-08 -3.409216338279654341e-08 6.912018936319527861e-07 -4.754887756350980591e-08 2.417387922948021558e-09 5.628089490674834368e-10 -1.372329211184298184e-05 3.160332571246670115e-07 7.238887293560179964e-06 -4.339002002628130138e-07 -6.419073305555813621e-07 -2.012859949040565374e-06 8.614175091480365408e-08 -4.617311690967984680e-06 -7.406346483566832802e-05 -1.118832744751524716e-04 -8.044220050674426444e-05 -7.775857791943111138e-05 -9.556570583867423969e-08 -6.008397451547233795e-08 -3.409484222548698438e-09 -1.563940344944098308e-07 -2.829735287958656837e-07 -8.533188612975204995e-07
-2.193900964031460313e-07 -5.013808621725349043e-07 -7.744598305502706726e-08 3.075306582125539563e-06 7.004692295741729532e-06 1.918827013423136623e-05 -3.409216338279654341e-08 5.929006593354078188e-07 -9.062956061692363087e-06 -3.187965842932055027e-07 -1.893712039091039491e-08 -1.799115029212793258e-08 -5.033174665553089054e-04 7.982178973781249250e-06 1.094611290535477702e-05 -1.132809615232825028e-04 3.737949317376482910e-05 -4.088981476575701316e-05 -1.089596872916781035e-04 4.733888807894620165e-07 -1.940938049040229251e-03 -4.660792986902727590e-04 8.368261480319953672e-05 5.614717417951248018e-04 4.183154645092997483e-08 -3.731943930653498812e-10 2.012830440520628179e-07 1.991192729598875459e-07 1.332456982571047133e-06 4.172842544259595533e-06
-1.245511715641049169e-04 -2.448114160443804632e-05 -1.679656953526561806e-05 -8.477845424630770345e-04 -2.228048926047675415e-05 -2.214807270517952717e-02 6.912018936319527861e-07 -9.062956061692363087e-06 8.820046392877939605e-04 4.573341283520741295e-06 3.743856755532788908e-07 3.810505278730853448e-07 6.872480734477439193e-03 -6.789756222821041656e-05 -3.369374327414533378e-04 2.210800792903930626e-03 -3.775016637993062828e-05 5.444546024816954892e-04 1.196895964736837629e-03 -2.543549886186635884e-04 2.646168044398415631e-02 6.064737328930317611e-03 -1.473338337957873960e-03 -7.123678842677692857e-03 -1.115162169044507410e-05 1.143920425915383472e-05 -1.374542784697184340e-05 2.559597627945544988e-06 -1.799087183190512668e-05 -1.210251757589407817e-04
6.052344582001482727e-07 1.184886984773557163e-06 -1.063338633621484705e-07 -8.696078982486720211e-06 -3.389303566125195612e-06 -7.657833342120734857e-05 -4.754887756350980591e-08 -3.187965842932055027e-07 4.573341283520741295e-06 1.027161253446497152e-06 -4.048805227825106599e-08 1.599244659765770769e-08 1.414562426500748414e-03 -3.011970292404720666e-05 1.147984497284124773e-04 2.575370819778215691e-04 8.140351652220539826e-05 3.296640589759514215e-04 4.617228032836989660e-04 2.193157783250030367e-04 4.124405788008154647e-03 1.091958773800501834e-03 -4.107315044667599589e-05 -1.263256341760643367e-03 7.509960928971822739e-07 1.989068247044278756e-07 -5.522936087392973738e-08 3.077780664658790723e-07 2.479937180813152422e-07 4.739863899123515240e-07
3.353426208408401291e-08 -1.269160531066258078e-07 1.620888406183741450e-07 3.156094837938918191e-06 2.201573433234149869e-06 -2.240007584039444765e-06 2.417387922948021558e-09 -1.893712039091039491e-08 3.743856755532788908e-07 -4.048805227825106599e-08 3.733186697075364672e-07 -6.280128983631981439e-11 -1.815378701468314403e-04 6.105023953305636337e-07 9.338344119567256265e-05 -2.954984727514838497e-05 1.903630313660123062e-04 -1.841884898875419964e-04 -3.968430106135577165e-05 4.283522297827897411e-05 3.090288419025134098e-03 -4.297251722741017457e-05 2.040120040965723899e-04 3.191889510351997913e-04 6.519120998569148138e-08 7.879678724954942805e-08 -5.961082356098008418e-08 1.562475966228934719e-07 -6.523842088897193717e-07 -2.843236030041109672e-06
7.916764217684914663e-08 1.182001680971982485e-07 1.465588867231592416e-07 1.396767581637345858e-06 -9.585148144831174878e-07 -3.612106410053182939e-06 5.628089490674834368e-10 -1.799115029212793258e-08 3.810505278730853448e-07 1.599244659765770769e-08 -6.280128983631981439e-11 3.815774911768926771e-07 5.765752550687907024e-04 -1.147436527520778155e-06 -2.788077603006514660e-05 3.619708780644912595e-06 -1.206915338070179843e-05 -3.683820725403178935e-05 3.828159623926590004e-04 9.116723126907765734e-04 4.287183258322618579e-04 2.860860918938878153e-05 -4.002463727584535422e-04 -1.166003595969123969e-03 -1.806036302209524634e-07 -8.726437533046648002e-08 7.158334510489124699e-08 7.638459678736716460e-09 -6.370127141490337094e-07 -1.085583774545676031e-06
1.559309607916737825e-03 -2.256070300600708978e-04 1.477577180314689495e-03 1.670900320815237386e-02 1.008529916076645640e-02 -4.825750948309486671e-03 -1.372329211184298184e-05 -5.033174665553089054e-04 6.872480734477439193e-03 1.414562426500748414e-03 -1.815378701468314403e-04 5.765752550687907024e-04 3.777256899015196012e+01 -2.714218343298790970e-01 -2.789966651308708467e-01 -5.640932866840742133e-01 1.219598940702215084e-01 3.035865100344869449e-01 -5.520008043862606684e+00 -2.927749002462339689e+01 2.266311751217234871e+01 -1.728611346637446422e+00 -1.220252815334275986e+01 -4.677211516051369955e+01 9.797485262274857522e-04 -2.499007444903154278e-04 2.482476236320276669e-03 -2.435033707242653406e-03 -8.028722198218596340e-03 -2.490555777450134678e-02
-1.024806910965431195e-04 8.686186616417901677e-05 -2.216652870107873013e-05 1.412999971717775270e-04 -3.469307460925543426e-04 -1.247518144536566721e-03 3.160332571246670115e-07 7.982178973781249250e-06 -6.789756222821041656e-05 -3.011970292404720666e-05 6.105023953305636337e-07 -1.147436527520777943e-06 -2.714218343298790970e-01 5.546570511108499246e-02 -1.012949746879786284e-01 4.182858585500171672e-02 -7.749368714929411213e-03 1.031633807426499128e-02 4.032949124757730791e-02 7.383511003593387634e-02 3.949314955197975041e-01 7.753163068754843623e-01 1.047815152148290574e+00 4.190623488682855280e-01 1.454255118254124945e-05 1.557509046245350280e-05 -7.218696440673227866e-05 -2.067630565095164458e-05 1.862190950460162645e-05 2.404974316230564131e-04
-6.725907583932577358e-04 -1.010904610067388286e-03 4.344431063266373421e-04 1.695753995626876880e-03 -1.893272295743172020e-03 1.479692785659996249e-02 7.238887293560179964e-06 1.094611290535477702e-05 -3.369374327414532294e-04 1.147984497284124773e-04 9.338344119567256265e-05 -2.788077603006514660e-05 -2.789966651308708467e-01 -1.012949746879786284e-01 3.459365560006414597e+00 -1.105311406834843746e+00 -1.639096991799505743e-01 1.060765283977163909e-01 2.145482757685110986e+00 2.776406091244241203e+00 -2.860433536890670680e+01 -6.762045798871896274e+00 1.874103490109467751e+00 1.608762904718219033e+00 -2.059912546726587078e-04 -6.698242449069338874e-04 -5.044514236172626320e-04 1.947384956772577210e-04 -2.169289123880731220e-03 -6.989458969815229468e-03
2.335327662764635054e-04 9.183977128475208623e-04 2.477693558802575606e-04 -6.266411765198554203e-04 3.127940034201251700e-03 -2.034989482254622242e-02 -4.339002002628130138e-07 -1.132809615232825028e-04 2.210800792903930626e-03 2.575370819778215691e-04 -2.954984727514838497e-05 3.619708780644912595e-06 -5.640932866840742133e-01 4.182858585500171672e-02 -1.105311406834843746e+00 2.152260293878690778e+00 1.255703654530883513e-02 -1.211240242630048369e-01 -8.586854938859389552e-01 -7.801956841330601744e-01 5.118209087229402598e+00 -1.485618992009025252e+00 -3.464686879438025446e+00 -2.793482531807414571e+00 5.219680365664703520e-05 1.037547555181531219e-04 1.504868507270372543e-03 -2.825673668540592360e-04 -6.938347758964231180e-04 6.584037352017611290e-04
5.368202056023502764e-04 1.333739044221103360e-04 5.659491374802339556e-04 1.015205328507291782e-02 3.770185844379063313e-03 -1.494399242647601912e-02 -6.419073305555813621e-07 3.737949317376482910e-05 -3.775016637993062828e-05 8.140351652220539826e-05 1.903630313660123062e-04 -1.206915338070179843e-05 1.219598940702215084e-01 -7.749368714929411213e-03 -1.639096991799505743e-01 1.255703654530883513e-02 3.198102949563425668e+00 5.625789405723791159e-01 2.287456228220646481e-01 2.480306305004478518e-01 -5.329247918042924859e+00 -5.828530689787392999e-02 -3.632068652504524264e-01 -2.471770368921451244e-01 -9.739493209890835073e-04 -1.742810276520233650e-04 -8.322365351855316121e-04 4.343963481644200165e-04 3.153469558872456992e-04 -1.304792114772780620e-03
-3.589609781311273824e-04 1.916905995881397744e-04 2.450134499504188633e-04 3.084821656217026208e-03 6.353775593310820487e-03 1.793788945658136369e-03 -2.012859949040565374e-06 -4.088981476575701316e-05 5.444546024816954892e-04 3.296640589759514215e-04 -1.841884898875419964e-04 -3.683820725403178935e-05 3.035865100344869449e-01 1.031633807426499128e-02 1.060765283977163909e-01 -1.211240242630048369e-01 5.625789405723791159e-01 3.055983001098395047e+00 2.583244009393476315e+00 2.790055271432740902e+00 5.333083027351486649e+00 -1.737929604513152482e+00 -1.063181141025804743e+00 -1.097561657730851570e+00 -3.242546342149530726e-04 -6.212743970120962684e-04 -1.810528055345529642e-03 -2.497509164398003211e-04 9.956965854105975094e-04 5.712478794705750859e-03
-1.215034418734861166e-04 -1.264835171571396171e-05 2.279811453363575708e-04 8.320845293541901180e-03 1.063577760906891543e-03 1.404300043937729489e-02 8.614175091480365408e-08 -1.089596872916781035e-04 1.196895964736837629e-03 4.617228032836989660e-04 -3.968430106135577165e-05 3.828159623926590004e-04 -5.520008043862606684e+00 4.032949124757730791e-02 2.145482757685110986e+00 -8.586854938859389552e-01 2.287456228220646481e-01 2.583244009393476315e+00 9.332848370557714546e+00 1.735273921860103030e+01 -1.052269043970328966e+01 -4.681943234357198169e-01 1.555618423888197321e-01 3.113772429154425314e+00 -8.259800746351616879e-04 -1.216700323108414186e-03 -2.533547791469004194e-03 -8.267846730219099083e-04 -1.926557702427630784e-03 1.023156273821158174e-02
-5.238784911190593483e-04 4.197742867107328831e-04 -4.581363843006980817e-04 -3.300947156913109064e-03 -1.102585628328824584e-02 2.389813885297849532e-03 -4.617311690967984680e-06 4.733888807894620165e-07 -2.543549886186635884e-04 2.193157783250030367e-04 4.283522297827897411e-05 9.116723126907765734e-04 -2.927749002462339689e+01 7.383511003593387634e-02 2.776406091244241203e+00 -7.801956841330601744e-01 2.480306305004478518e-01 2.790055271432740902e+00 1.735273921860103030e+01 4.778234183972642768e+01 -1.998345531661736629e+01 1.560130139080875278e+00 4.474518913517295360e+00 2.702317154958788592e+01 -1.931086526373252321e-03 -1.035690062903811852e-03 -4.515965654788578650e-03 1.091568272935086921e-04 -1.428378215856589226e-03 2.731925243811727036e-02
7.965605649251588857e-03 7.434864801849271239e-03 2.301722259063350168e-03 1.298091800280287179e-02 1.268109441972592732e-01 -7.793372163821497833e-02 -7.406346483566832802e-05 -1.940938049040229251e-03 2.646168044398415631e-02 4.124405788008154647e-03 3.090288419025134098e-03 4.287183258322618579e-04 2.266311751217234871e+01 3.949314955197975041e-01 -2.860433536890670680e+01 5.118209087229402598e+00 -5.329247918042924859e+00 5.333083027351486649e+00 -1.052269043970328966e+01 -1.998345531661736629e+01 6.689703982135914657e+02 8.052729529626667215e+01 -1.609240435919856083e+01 -3.143253169920814116e+01 2.720475915014506090e-04 4.709644824245652443e-03 6.753912262036339612e-04 2.159268866140725326e-03 1.117955543611753345e-02 2.132314888207634349e-03
3.411282260310070230e-03 4.030747985662875427e-03 -1.895567213041451579e-03 -1.579073934018225545e-02 -2.035218382357850339e-02 -8.509389356624524892e-02 -1.118832744751524716e-04 -4.660792986902727590e-04 6.064737328930317611e-03 1.091958773800501834e-03 -4.297251722741017457e-05 2.860860918938878153e-05 -1.728611346637446422e+00 7.753163068754843623e-01 -6.762045798871896274e+00 -1.485618992009025252e+00 -5.828530689787392999e-02 -1.737929604513152482e+00 -4.681943234357198169e-01 1.560130139080875278e+00 8.052729529626667215e+01 5.090225153075423492e+01 2.440520517674187317e+01 1.063220654538044130e+01 1.937654593710286689e-03 2.042070345080322386e-03 2.741547414052426020e-03 9.468402897555267634e-04 6.215712065177922928e-03 1.671083961984976690e-02
-1.695562735227761986e-03 6.511700105953665586e-04 -2.435038324719529957e-03 -2.547849438876082298e-02 -3.444681720148648485e-02 -6.001777666178882698e-02 -8.044220050674426444e-05 8.368261480319953672e-05 -1.473338337957873960e-03 -4.107315044667599589e-05 2.040120040965723899e-04 -4.002463727584535422e-04 -1.220252815334275986e+01 1.047815152148290574e+00 1.874103490109467751e+00 -3.464686879438025446e+00 -3.632068652504524264e-01 -1.063181141025804743e+00 1.555618423888197321e-01 4.474518913517295360e+00 -1.609240435919856083e+01 2.440520517674187317e+01 4.556053679482771201e+01 3.354976519714835348e+01 1.092977769405656776e-03 -7.540233152924094367e-05 -1.295423255941220882e-03 3.819936721073220569e-03 3.660283087213487586e-03 -2.728377614417527852e-03
-2.581868272544821964e-03 -5.761992602547395294e-04 -2.885416842449298712e-03 -4.389950787854934172e-02 -1.692475671139292287e-02 -9.375343850411306523e-02 -7.775857791943111138e-05 5.614717417951248018e-04 -7.123678842677692857e-03 -1.263256341760643367e-03 3.191889510351997913e-04 -1.166003595969123969e-03 -4.677211516051369955e+01 4.190623488682855280e-01 1.608762904718219033e+00 -2.793482531807414571e+00 -2.471770368921451244e-01 -1.097561657730851570e+00 3.113772429154425314e+00 2.702317154958788592e+01 -3.143253169920814116e+01 1.063220654538044130e+01 3.354976519714835348e+01 7.960258663561825188e+01 3.068897486989136391e-05 1.047638266895846123e-04 -5.642833251027326406e-03 5.675124156089719415e-03 1.849468040493711801e-02 3.241326776274096322e-02
-2.644814658612340115e-06 1.071016713363072917e-05 1.447912167583153305e-05 1.414222771759640271e-04 9.045281883701724508e-06 1.410225862229436480e-04 -9.556570583867423969e-08 4.183154645092997483e-08 -1.115162169044507579e-05 7.509960928971822739e-07 6.519120998569148138e-08 -1.806036302209524634e-07 9.797485262274855354e-04 1.454255118254123251e-05 -2.059912546726587078e-04 5.219680365664707586e-05 -9.739493209890835073e-04 -3.242546342149530726e-04 -8.259800746351616879e-04 -1.931086526373252321e-03 2.720475915014506090e-04 1.937654593710286689e-03 1.092977769405656559e-03 3.068897486989136391e-05 1.434864274944020347e-03 2.864589779525126049e-04 4.321035533478408618e-05 -3.674356495340281204e-04 -1.655680220607354247e-04 -1.558114581478774402e-04
-1.130365816945993049e-05 -8.471262515859770813e-06 9.798261372942662880e-06 8.476565075847522957e-05 1.683355291065108091e-05 -3.807736746521602498e-04 -6.008397451547233795e-08 -3.731943930653498812e-10 1.143920425915383472e-05 1.989068247044278756e-07 7.879678724954942805e-08 -8.726437533046648002e-08 -2.499007444903154278e-04 1.557509046245349942e-05 -6.698242449069338874e-04 1.037547555181531219e-04 -1.742810276520233650e-04 -6.212743970120962684e-04 -1.216700323108414186e-03 -1.035690062903811852e-03 4.709644824245652443e-03 2.042070345080322386e-03 -7.540233152924094367e-05 1.047638266895846123e-04 2.864589779525126049e-04 8.393488198999665651e-04 8.372035081352650462e-06 7.381344994727004945e-04 4.522171691013868888e-05 -7.735364744922907428e-04
6.138577445824135321e-06 -8.849409980753850558e-06 -2.688710795632505069e-05 -1.971515594519741236e-04 -3.140733729472718197e-05 2.826044237144798910e-04 -3.409484222548698438e-09 2.012830440520628179e-07 -1.374542784697184340e-05 -5.522936087392973738e-08 -5.961082356098008418e-08 7.158334510489119405e-08 2.482476236320276669e-03 -7.218696440673229222e-05 -5.044514236172626320e-04 1.504868507270372543e-03 -8.322365351855316121e-04 -1.810528055345529642e-03 -2.533547791469004194e-03 -4.515965654788578650e-03 6.753912262036310338e-04 2.741547414052426020e-03 -1.295423255941220882e-03 -5.642833251027326406e-03 4.321035533478408618e-05 8.372035081352648768e-06 7.213840701970276187e-03 -3.462871132264694059e-04 7.317148311169748920e-04 4.895887070723919585e-03
-2.709748682391735481e-05 -6.362613680086278290e-06 1.998151962169702337e-05 9.343407398863173635e-05 2.238268866544086341e-04 -2.858700209321146288e-04 -1.563940344944098308e-07 1.991192729598875459e-07 2.559597627945544988e-06 3.077780664658790723e-07 1.562475966228934719e-07 7.638459678736716460e-09 -2.435033707242653406e-03 -2.067630565095164797e-05 1.947384956772577210e-04 -2.825673668540592360e-04 4.343963481644200165e-04 -2.497509164398003211e-04 -8.267846730219099083e-04 1.091568272935086921e-04 2.159268866140726193e-03 9.468402897555267634e-04 3.819936721073220569e-03 5.675124156089719415e-03 -3.674356495340281204e-04 7.381344994727004945e-04 -3.462871132264694059e-04 2.773141365709486800e-03 5.676920226395673705e-04 -1.023551984522118275e-03
5.200074297328554577e-06 4.632898268578110367e-05 -2.232307526176827638e-06 -1.108319490802841265e-04 -8.402111595927501983e-05 -2.662094020935050834e-04 -2.829735287958656837e-07 1.332456982571047133e-06 -1.799087183190512668e-05 2.479937180813152422e-07 -6.523842088897193717e-07 -6.370127141490337094e-07 -8.028722198218596340e-03 1.862190950460162645e-05 -2.169289123880731220e-03 -6.938347758964231180e-04 3.153469558872456992e-04 9.956965854105975094e-04 -1.926557702427630350e-03 -1.428378215856589226e-03 1.117955543611753345e-02 6.215712065177922928e-03 3.660283087213487586e-03 1.849468040493711801e-02 -1.655680220607354247e-04 4.522171691013868888e-05 7.317148311169748920e-04 5.676920226395673705e-04 6.138773948738871465e-03 7.805887104036862527e-03
1.584388400852942063e-05 6.478460946756705327e-05 2.941891504046990086e-05 -1.466555789999688850e-04 -3.652366735157221004e-04 1.376080599889465371e-03 -8.533188612975204995e-07 4.172842544259595533e-06 -1.210251757589407817e-04 4.739863899123515240e-07 -2.843236030041109672e-06 -1.085583774545676031e-06 -2.490555777450134678e-02 2.404974316230564131e-04 -6.989458969815229468e-03 6.584037352017611290e-04 -1.304792114772780620e-03 5.712478794705750859e-03 1.023156273821158174e-02 2.731925243811727036e-02 2.132314888207634349e-03 1.671083961984976690e-02 -2.728377614417527852e-03 3.241326776274096322e-02 -1.558114581478774402e-04 -7.735364744922907428e-04 4.895887070723919585e-03 -1.023551984522118275e-03 7.805887104036862527e-03 6.517819587354538313e-02
