# lambda_mst lambda_mst_sigma alpha_lambda a_ani a_ani_sigma H0 ombh2 omch2 A_planck calib_100T calib_217T A_cib_217 xi_sz_cib A_sz ksz_norm gal545_A_100 gal545_A_143 gal545_A_143_217 gal545_A_217 ps_A_100_100 ps_A_143_143 ps_A_143_217 ps_A_217_217 galf_TE_A_100 galf_TE_A_100_143 galf_TE_A_100_217 galf_TE_A_143 galf_TE_A_143_217 galf_TE_A_217
7.188027792010887908e-04 6.866073783187258146e-05 -1.594689970928202683e-04 3.428723030780745414e-03 2.814896388707717164e-04 5.166685425096533783e-04 8.670806889226334836e-08 -1.384085955235294945e-06 6.692796173137383123e-07 6.362154925729276007e-08 1.482271437367901636e-07 8.717702202263957235e-04 -4.840933177255835697e-05 9.854786465398185358e-05 5.107297872268141406e-04 4.036032146890378060e-04 -2.714817176095249288e-04 1.151786052917448818e-04 8.255143768725409171e-05 -3.775414161108298517e-03 -1.118326234787995034e-03 -2.190474471703637502e-03 -1.853034512957118986e-03 -1.145932635031630476e-05 -2.409054658345873197e-06 2.028966545653816572e-05 -1.242218797829472729e-06 9.222823913577599234e-06 3.099376606853009670e-05
6.866073783187258146e-05 9.589757020932529333e-04 -4.257376302914499526e-05 -2.116516503588248069e-03 -2.873502991208774782e-03 2.443852317063296997e-04 2.932516206485213287e-08 -5.218747750378361253e-07 -1.820105477207576185e-08 2.499496860572709786e-07 3.495303470606373634e-07 4.849761338793206881e-04 7.855590283047548259e-05 -8.094565108922340728e-04 2.965987903153843386e-04 -3.082926763388348676e-04 -8.392230190962009099e-04 -5.694135370281272132e-04 -1.797343971493033771e-04 7.016556392864978578e-03 3.227341684424294907e-03 1.394424806821712153e-04 -7.307771091029040657e-04 8.143759024659470286e-07 -7.185612470182173063e-06 -7.658681514095293436e-06 -1.620603146526364963e-05 1.642067238896368883e-06 -2.812402729194776168e-05
-1.594689970928202683e-04 -4.257376302914499526e-05 6.618237396354256829e-04 3.853071009826261779e-03 3.733837413734600449e-04 -1.394641665296062177e-04 1.475172396785903211e-08 3.935723232026638086e-07 -3.390248327532805674e-07 5.539748453550429284e-08 -1.173883967341827734e-07 5.952654760698495445e-04 1.512399074411943504e-04 -9.024264957175841782e-04 2.972040171434055873e-04 -2.489783493480197648e-04 -1.236000678720047786e-04 -4.276692122620324825e-04 -1.117409468866972788e-03 9.063560273950724971e-03 2.099141823000888907e-03 3.370795268872642491e-05 -1.907915273958808808e-03 -9.644836506393566702e-06 -3.167858161356872284e-06 -1.546049159335642970e-06 1.020427256761271566e-05 2.422866753237328251e-05 5.524300091795630288e-05
3.428723030780745414e-03 -2.116516503588248069e-03 3.853071009826261779e-03 2.423166505518147829e-01 5.062993652908877318e-02 1.571376211219783613e-03 2.286194711547478689e-06 -3.853267145280320213e-06 -9.286300495679045272e-06 2.951426859078134707e-07 -8.122386157028983579e-07 -2.574227224163147185e-02 2.245938309231353743e-04 -1.382939699336496395e-02 1.576899961318278462e-02 -2.609778488193704744e-03 -7.202422949935123608e-03 -2.159617304229832432e-02 -2.235501147855685836e-02 4.133163391445262430e-02 -4.037049107567844408e-02 -5.038270588780870834e-02 -1.200871014235209769e-02 -2.876618370761712391e-05 1.363379509487896220e-04 1.836208940415622797e-04 1.206118657019262836e-04 4.650041466399076499e-05 1.043514214230701481e-03
2.814896388707717164e-04 -2.873502991208774782e-03 3.733837413734600449e-04 5.062993652908877318e-02 8.540563303115823734e-02 2.442364915945404087e-04 5.696951695773734551e-08 -1.540514642782316744e-06 -1.113351623112767361e-06 -1.719821862370119234e-06 8.126978728913665207e-07 -1.141810413529753022e-02 -7.889505239271604319e-05 4.762628231599401419e-04 2.847662827066636251e-04 -1.700882377754331745e-04 -2.777340896294294421e-04 -1.998142572619013464e-03 3.560768761061783652e-03 -5.639018782940217328e-02 -1.690764495140446161e-02 -1.987028054194284968e-03 8.770989603391503298e-03 6.597889606061515004e-05 3.317307302162305916e-05 2.485540547698986374e-04 6.327257392383243604e-05 4.842404852900548305e-05 6.652172276971667151e-05
5.166685425096533783e-04 2.443852317063296997e-04 -1.394641665296062177e-04 1.571376211219783613e-03 2.442364915945404087e-04 1.035720982687529101e-01 2.373803338307716815e-05 -2.008429261414609521e-04 2.461659053954398871e-05 9.983793008352688498e-06 3.264400858981796284e-06 1.677805992890343545e-01 -3.249182045426253669e-03 1.223425843004111169e-02 2.631735520870129644e-02 -1.717484961210419617e-02 1.239980775740295686e-02 2.450080049834301929e-02 -4.886314300871150151e-02 5.114257302089781909e-01 4.346838535506204748e-02 -9.083347370963809619e-02 -2.299366805646504697e-01 -1.981318128954412719e-04 -7.207558254833729074e-05 -7.932544591041954072e-05 -2.975612862954192354e-04 -8.140659386595011388e-04 -4.127403545489021983e-03
8.670806889226334836e-08 2.932516206485213287e-08 1.475172396785903211e-08 2.286194711547478689e-06 5.696951695773734551e-08 2.373803338307716815e-05 1.423490947686731086e-08 -2.760971769371685328e-08 -5.232622383072139866e-08 3.085173402909671348e-09 -2.052061531011000086e-10 -2.157085391223302566e-05 -1.354233416191630326e-07 7.590425495448580223e-06 -1.757360137608752231e-06 -1.703831042622107847e-06 -2.732188787515979387e-06 -6.509678871725608891e-06 -1.343375858758402820e-05 -1.232805946332630109e-04 -1.261128287290549997e-04 -8.580643054540314696e-05 -6.535946017257691909e-05 -7.367304634725122396e-08 -1.634915240990342514e-08 -1.380476663010560095e-08 -1.337956214519796831e-07 -4.543660928041340867e-07 -2.021197387548448927e-06
-1.384085955235294945e-06 -5.218747750378361253e-07 3.935723232026638086e-07 -3.853267145280320213e-06 -1.540514642782316956e-06 -2.008429261414609521e-04 -2.760971769371685328e-08 4.888157819777151499e-07 -2.441334810658990881e-07 -1.823649805440165907e-08 -7.058062903433379003e-09 -4.527309079745383126e-04 7.242468468787506094e-06 -1.054566365438433460e-05 -6.844197968272344517e-05 4.124678722228250326e-05 -3.684483980075680992e-05 -6.422700457473271658e-05 9.496048485847252989e-05 -1.551706383755815238e-03 -3.328444746967379182e-04 7.164795845256910153e-05 4.219560855092854400e-04 3.313577000742270244e-07 1.222849872195543730e-07 7.708150243370742649e-08 3.910756846611706708e-07 7.872615332197635176e-07 5.763689034006289438e-06
6.692796173137383123e-07 -1.820105477207576847e-08 -3.390248327532805674e-07 -9.286300495679045272e-06 -1.113351623112767361e-06 2.461659053954398871e-05 -5.232622383072139866e-08 -2.441334810658990881e-07 9.951026601332365069e-07 -5.193076332861438357e-08 1.837273953328212131e-08 1.445208840469477561e-03 -2.753518550295317078e-05 1.461551493114176940e-04 1.981146812900121384e-04 9.334042529895200495e-05 3.469507802256088964e-04 4.890522656523507228e-04 2.110152522311201030e-04 3.770807324223026617e-03 1.068580439741229722e-03 3.605697736901188310e-05 -1.196121178385462294e-03 1.057991877350993267e-07 -5.370033716465447256e-09 -2.065547469578771784e-07 1.031901941765268694e-08 1.258750959695477792e-06 7.210399248643419201e-06
6.362154925729276007e-08 2.499496860572709786e-07 5.539748453550429284e-08 2.951426859078134707e-07 -1.719821862370119022e-06 9.983793008352688498e-06 3.085173402909671348e-09 -1.823649805440165907e-08 -5.193076332861438357e-08 3.744063388222909358e-07 -7.011078604314197209e-10 -1.949512245013263671e-04 2.611531676624357757e-06 8.979129368000905763e-05 -2.852121220919564377e-05 1.875608837314757206e-04 -1.816914354136013523e-04 -5.789660698720433719e-05 1.828823435611079295e-05 3.151970992074392720e-03 -6.756562720738597087e-05 2.040835269291445546e-04 3.306934303131769232e-04 -2.832313555886290503e-07 -1.401717694558969470e-08 -7.852433999761512655e-07 3.092589536599117407e-07 -2.719746334173610230e-07 -1.127958660072254670e-06
1.482271437367901636e-07 3.495303470606373634e-07 -1.173883967341827734e-07 -8.122386157028987814e-07 8.126978728913665207e-07 3.264400858981796284e-06 -2.052061531011000086e-10 -7.058062903433379003e-09 1.837273953328212131e-08 -7.011078604314197209e-10 3.794192776502515400e-07 6.342957461723389753e-04 -1.472536729481151794e-06 -3.023803482520054142e-05 -4.457585029411814827e-06 -2.442327239154985982e-06 -3.388885277634182933e-05 3.681847448272093193e-04 8.540148296854110314e-04 4.038141003968632472e-04 7.376787010511232339e-05 -3.659159072734454138e-04 -1.191432426399501292e-03 3.121602072560103818e-07 8.264529684263769488e-09 -1.500266525274785238e-07 -1.702093972403445365e-07 -5.090228306506996404e-07 -1.761516806155579803e-06
8.717702202263957235e-04 4.849761338793206881e-04 5.952654760698495445e-04 -2.574227224163147185e-02 -1.141810413529753022e-02 1.677805992890343545e-01 -2.157085391223302566e-05 -4.527309079745383126e-04 1.445208840469477561e-03 -1.949512245013263671e-04 6.342957461723389753e-04 3.839505814813109197e+01 -2.793613767012096960e-01 -3.405840154609205417e-01 -5.306533641858571793e-01 3.430051883630313436e-01 3.268870337199755172e-01 -5.618345839010090437e+00 -2.951611991402480228e+01 2.401708443683796901e+01 -1.749417082711819615e+00 -1.249890551346145351e+01 -4.775391792247051370e+01 -1.239665636089044756e-03 -9.446385810530760199e-04 2.416127853815033550e-03 -3.987547376940683667e-03 -3.660789747998058254e-03 4.830768353781150250e-03
-4.840933177255835697e-05 7.855590283047548259e-05 1.512399074411943504e-04 2.245938309231353743e-04 -7.889505239271604319e-05 -3.249182045426253669e-03 -1.354233416191630326e-07 7.242468468787506094e-06 -2.753518550295317078e-05 2.611531676624357757e-06 -1.472536729481151794e-06 -2.793613767012096960e-01 5.404235072325807437e-02 -9.576671226389647795e-02 3.753677731169503817e-02 -1.825097238998499999e-04 1.151550209830526708e-02 4.407546155237890978e-02 8.532082939922418230e-02 3.330477462600215377e-01 7.682119029277847400e-01 1.062179558716323635e+00 4.517001953031217210e-01 1.400582606164089837e-05 -2.962889435445627531e-05 4.144349794632725423e-05 -2.481273568641387015e-05 1.557628949891595965e-04 7.791615031249483903e-04
9.854786465398182648e-05 -8.094565108922339644e-04 -9.024264957175842867e-04 -1.382939699336496395e-02 4.762628231599391119e-04 1.223425843004111169e-02 7.590425495448580223e-06 -1.054566365438433291e-05 1.461551493114176940e-04 8.979129368000905763e-05 -3.023803482520054142e-05 -3.405840154609205417e-01 -9.576671226389647795e-02 3.413552242212283261e+00 -1.046151236161551035e+00 -1.928972377796946969e-01 1.169954120349640941e-01 2.118212699289914625e+00 2.758654686293991798e+00 -2.794982785235632150e+01 -6.708911484915402568e+00 1.729029870853628026e+00 1.658628377217290728e+00 8.598633216734701858e-04 5.497297364019016917e-04 3.640180829943958848e-04 8.530275719462513022e-06 -2.584706543443720129e-03 -4.138466433933564795e-03
5.107297872268141406e-04 2.965987903153843928e-04 2.972040171434055873e-04 1.576899961318278462e-02 2.847662827066626493e-04 2.631735520870129644e-02 -1.757360137608752443e-06 -6.844197968272344517e-05 1.981146812900121384e-04 -2.852121220919564377e-05 -4.457585029411814827e-06 -5.306533641858571793e-01 3.753677731169503817e-02 -1.046151236161551035e+00 2.008947296904262991e+00 2.322971314601065054e-02 -1.275145270372726458e-01 -8.594779922880207979e-01 -8.432498705689085439e-01 4.197373801116185632e+00 -1.499995567050754763e+00 -3.287498121164986298e+00 -2.572985293897985581e+00 -7.016742390477943674e-04 -5.319952054430271242e-04 -9.324926531777946639e-04 -1.535498492567858838e-05 5.103030620943002247e-04 -2.036377271205209137e-03
4.036032146890378060e-04 -3.082926763388348676e-04 -2.489783493480197105e-04 -2.609778488193704744e-03 -1.700882377754331745e-04 -1.717484961210419617e-02 -1.703831042622107847e-06 4.124678722228250326e-05 9.334042529895200495e-05 1.875608837314757206e-04 -2.442327239154985982e-06 3.430051883630313436e-01 -1.825097238998499999e-04 -1.928972377796946969e-01 2.322971314601065054e-02 3.277879813982683022e+00 6.071123939770345368e-01 2.222700531358945408e-01 8.050160250048545019e-02 -5.484338807836875773e+00 3.536591566065316189e-02 -3.541830752455510378e-01 -4.936584752408046950e-01 -4.345264392818084316e-04 -5.545857353497472570e-04 -1.938359276676504149e-03 -1.110541768595775178e-03 1.030742237876204268e-03 -2.432181537623074371e-03
-2.714817176095249288e-04 -8.392230190962009099e-04 -1.236000678720047786e-04 -7.202422949935123608e-03 -2.777340896294291711e-04 1.239980775740295686e-02 -2.732188787515979387e-06 -3.684483980075680992e-05 3.469507802256088964e-04 -1.816914354136013523e-04 -3.388885277634182933e-05 3.268870337199755172e-01 1.151550209830526708e-02 1.169954120349640941e-01 -1.275145270372726458e-01 6.071123939770345368e-01 3.069905949978967374e+00 2.616914223951051444e+00 2.837093962984000850e+00 5.407102500535277301e+00 -1.695811562254910587e+00 -1.030562364544529652e+00 -1.148185718456325999e+00 2.623053067266073327e-04 -4.448953553800352430e-04 1.065130741777000218e-04 -1.221501156334085271e-03 8.854394774057530498e-05 -2.356042509573857534e-03
1.151786052917448818e-04 -5.694135370281271048e-04 -4.276692122620324825e-04 -2.159617304229832432e-02 -1.998142572619013464e-03 2.450080049834301929e-02 -6.509678871725608891e-06 -6.422700457473271658e-05 4.890522656523507228e-04 -5.789660698720433719e-05 3.681847448272093193e-04 -5.618345839010090437e+00 4.407546155237890978e-02 2.118212699289914625e+00 -8.594779922880207979e-01 2.222700531358945408e-01 2.616914223951051444e+00 9.318452859017257950e+00 1.732064556287606649e+01 -1.057608270016570806e+01 -1.948315261773822527e-01 3.369035052627930571e-01 3.436836519371409437e+00 1.435751095231062270e-03 1.729237625964391328e-04 -2.126644068256556674e-03 -1.709710279083031777e-03 -2.668523620498503175e-03 1.247627344736005868e-03
8.255143768725409171e-05 -1.797343971493033771e-04 -1.117409468866972788e-03 -2.235501147855686183e-02 3.560768761061783652e-03 -4.886314300871150151e-02 -1.343375858758402820e-05 9.496048485847252989e-05 2.110152522311201301e-04 1.828823435611079295e-05 8.540148296854110314e-04 -2.951611991402480228e+01 8.532082939922418230e-02 2.758654686293991798e+00 -8.432498705689085439e-01 8.050160250048545019e-02 2.837093962984000850e+00 1.732064556287606649e+01 4.756999499258949271e+01 -2.096267092021061273e+01 2.070716747426588178e+00 4.992008065574038866e+00 2.779790853046286259e+01 3.464346765833166072e-03 1.172154928626468161e-03 -4.067322342756230467e-03 1.977523149580148959e-04 -2.441966850578733157e-03 2.500102865031911693e-03
-3.775414161108298517e-03 7.016556392864978578e-03 9.063560273950724971e-03 4.133163391445262430e-02 -5.639018782940218022e-02 5.114257302089781909e-01 -1.232805946332630109e-04 -1.551706383755815238e-03 3.770807324223026617e-03 3.151970992074392720e-03 4.038141003968632472e-04 2.401708443683796901e+01 3.330477462600215377e-01 -2.794982785235632150e+01 4.197373801116185632e+00 -5.484338807836875773e+00 5.407102500535277301e+00 -1.057608270016570806e+01 -2.096267092021061273e+01 6.677328307524865068e+02 8.018630808392906317e+01 -1.427322256955070934e+01 -3.234360872455001612e+01 -9.851237108342203799e-03 -1.630238153923769563e-03 3.567575667443484942e-03 2.508721205715081903e-03 1.643163714816776866e-02 3.254092773890302631e-02
-1.118326234787995034e-03 3.227341684424294473e-03 2.099141823000888907e-03 -4.037049107567846490e-02 -1.690764495140446161e-02 4.346838535506204748e-02 -1.261128287290549997e-04 -3.328444746967379182e-04 1.068580439741229722e-03 -6.756562720738597087e-05 7.376787010511232339e-05 -1.749417082711819615e+00 7.682119029277847400e-01 -6.708911484915402568e+00 -1.499995567050754763e+00 3.536591566065316189e-02 -1.695811562254910587e+00 -1.948315261773822527e-01 2.070716747426588178e+00 8.018630808392906317e+01 5.118295654243775061e+01 2.479632160612834468e+01 1.070637286907002128e+01 -1.690672403678438167e-03 6.568642284852581163e-04 1.619637824712030381e-03 9.519650161963519146e-04 9.347113276614084712e-03 4.249840495183768163e-02
-2.190474471703637502e-03 1.394424806821713508e-04 3.370795268872648590e-05 -5.038270588780870834e-02 -1.987028054194284968e-03 -9.083347370963809619e-02 -8.580643054540314696e-05 7.164795845256908798e-05 3.605697736901188310e-05 2.040835269291445546e-04 -3.659159072734454138e-04 -1.249890551346145351e+01 1.062179558716323635e+00 1.729029870853628026e+00 -3.287498121164986298e+00 -3.541830752455510378e-01 -1.030562364544529652e+00 3.369035052627930571e-01 4.992008065574038866e+00 -1.427322256955070934e+01 2.479632160612834468e+01 4.544913591054887547e+01 3.377917403344932268e+01 1.898429776915507711e-03 1.679036248056266787e-03 3.287279766717615334e-03 1.823841760292642302e-03 6.536821403896041563e-03 3.208591955319849837e-02
-1.853034512957118986e-03 -7.307771091029040657e-04 -1.907915273958808808e-03 -1.200871014235209769e-02 8.770989603391505032e-03 -2.299366805646504697e-01 -6.535946017257691909e-05 4.219560855092854400e-04 -1.196121178385462294e-03 3.306934303131769232e-04 -1.191432426399501292e-03 -4.775391792247051370e+01 4.517001953031217210e-01 1.658628377217290728e+00 -2.572985293897985581e+00 -4.936584752408046950e-01 -1.148185718456325999e+00 3.436836519371409437e+00 2.779790853046286259e+01 -3.234360872455001612e+01 1.070637286907002128e+01 3.377917403344932268e+01 8.063377510620715327e+01 2.162476301397229204e-03 1.927668495112522598e-03 -2.370936827189185341e-03 5.754438603748312370e-03 9.287762237898893047e-03 1.254788675797695492e-02
-1.145932635031630476e-05 8.143759024659470286e-07 -9.644836506393565008e-06 -2.876618370761712391e-05 6.597889606061515004e-05 -1.981318128954412719e-04 -7.367304634725122396e-08 3.313577000742270244e-07 1.057991877350993664e-07 -2.832313555886290503e-07 3.121602072560103818e-07 -1.239665636089045189e-03 1.400582606164089837e-05 8.598633216734701858e-04 -7.016742390477943674e-04 -4.345264392818083774e-04 2.623053067266073327e-04 1.435751095231062270e-03 3.464346765833166072e-03 -9.851237108342203799e-03 -1.690672403678438167e-03 1.898429776915508361e-03 2.162476301397229204e-03 1.448606643203298201e-03 2.840106722347335495e-04 1.281165967013109795e-04 -3.807178616716106715e-04 -9.233512950636018778e-05 -6.593225157163332183e-05
-2.409054658345873197e-06 -7.185612470182173063e-06 -3.167858161356872284e-06 1.363379509487896220e-04 3.317307302162305916e-05 -7.207558254833729074e-05 -1.634915240990342514e-08 1.222849872195543730e-07 -5.370033716465447256e-09 -1.401717694558969470e-08 8.264529684263769488e-09 -9.446385810530760199e-04 -2.962889435445627531e-05 5.497297364019016917e-04 -5.319952054430271242e-04 -5.545857353497472570e-04 -4.448953553800352430e-04 1.729237625964391328e-04 1.172154928626468161e-03 -1.630238153923769563e-03 6.568642284852581163e-04 1.679036248056266353e-03 1.927668495112522598e-03 2.840106722347335495e-04 8.535614918381567587e-04 1.963672412910086228e-05 7.495468637906107850e-04 6.042623350723311509e-05 -7.478857032053072432e-04
2.028966545653816572e-05 -7.658681514095296825e-06 -1.546049159335642970e-06 1.836208940415622797e-04 2.485540547698986374e-04 -7.932544591041954072e-05 -1.380476663010560095e-08 7.708150243370743972e-08 -2.065547469578772842e-07 -7.852433999761512655e-07 -1.500266525274784444e-07 2.416127853815033550e-03 4.144349794632728133e-05 3.640180829943958848e-04 -9.324926531777946639e-04 -1.938359276676504149e-03 1.065130741777001031e-04 -2.126644068256556674e-03 -4.067322342756230467e-03 3.567575667443484942e-03 1.619637824712030381e-03 3.287279766717615334e-03 -2.370936827189185341e-03 1.281165967013109795e-04 1.963672412910086228e-05 7.151894130918507592e-03 -3.432200737451594850e-04 6.961638520915683880e-04 4.711472691048120172e-03
-1.242218797829472729e-06 -1.620603146526364963e-05 1.020427256761271566e-05 1.206118657019262836e-04 6.327257392383243604e-05 -2.975612862954192354e-04 -1.337956214519796831e-07 3.910756846611706708e-07 1.031901941765268694e-08 3.092589536599117407e-07 -1.702093972403445365e-07 -3.987547376940683667e-03 -2.481273568641387015e-05 8.530275719462513022e-06 -1.535498492567858838e-05 -1.110541768595775178e-03 -1.221501156334085271e-03 -1.709710279083031777e-03 1.977523149580148959e-04 2.508721205715081903e-03 9.519650161963519146e-04 1.823841760292642302e-03 5.754438603748312370e-03 -3.807178616716106715e-04 7.495468637906107850e-04 -3.432200737451594850e-04 2.779146998547197319e-03 5.558487173325496510e-04 -9.312125040887011748e-04
9.222823913577599234e-06 1.642067238896368883e-06 2.422866753237328251e-05 4.650041466399076499e-05 4.842404852900548305e-05 -8.140659386595011388e-04 -4.543660928041340867e-07 7.872615332197635176e-07 1.258750959695477792e-06 -2.719746334173610230e-07 -5.090228306506996404e-07 -3.660789747998058254e-03 1.557628949891595965e-04 -2.584706543443720129e-03 5.103030620943002247e-04 1.030742237876204268e-03 8.854394774057530498e-05 -2.668523620498503175e-03 -2.441966850578733590e-03 1.643163714816776866e-02 9.347113276614084712e-03 6.536821403896041563e-03 9.287762237898893047e-03 -9.233512950636018778e-05 6.042623350723311509e-05 6.961638520915683880e-04 5.558487173325496510e-04 6.237853518001857354e-03 7.868666983018090394e-03
3.099376606853009670e-05 -2.812402729194776846e-05 5.524300091795630288e-05 1.043514214230701481e-03 6.652172276971667151e-05 -4.127403545489021983e-03 -2.021197387548448927e-06 5.763689034006289438e-06 7.210399248643419201e-06 -1.127958660072254670e-06 -1.761516806155579803e-06 4.830768353781150250e-03 7.791615031249483903e-04 -4.138466433933564795e-03 -2.036377271205209137e-03 -2.432181537623074371e-03 -2.356042509573857534e-03 1.247627344736005868e-03 2.500102865031911693e-03 3.254092773890302631e-02 4.249840495183768163e-02 3.208591955319849837e-02 1.254788675797695492e-02 -6.593225157163332183e-05 -7.478857032053072432e-04 4.711472691048120172e-03 -9.312125040887011748e-04 7.868666983018090394e-03 6.419713016173939080e-02
